739.5432361207324 331.0581107659823
60.42535776654381 -892.0245840790551
-68.02811011964627 648.4496908672675
-763.8366718257099 339.0008964775527
698.0238182238829 -493.62671047075855
-10.513067018629044 899.9660535745163
793.8229771299425 82.91150454819058
668.9907758475651 885.6095533655657
709.0450989914311 290.6477434981184
509.6490286865942 698.0373862943645
-353.5626582528008 -126.34095204157836
587.9686483745993 118.55467007983475
444.39053803743514 383.3628555965565
-835.5951672342201 26.61331944878816
577.4726029121939 -312.10887483984175
-566.8819177291973 768.9645665911673
-82.22372939058903 843.6436559674921
307.801625838521 899.9983154847903
-297.05980596163226 257.7654687100196
276.36732791682584 -681.6642093384332
961.158134911052 110.16132225532806
157.8613464691948 -973.7772717070781
-360.9982135745797 38.433342275675386
298.2302690079673 -957.514013733952
-45.886468564496454 765.3995885848785
-561.4171515933574 225.69122967891758
968.3755270950242 -180.0081990275371
773.0044191372724 -960.3269388720314
-459.3705161413691 -362.6252873805007
-764.4705335262443 455.4012964667181
288.6558068196516 -809.9665292836781
-648.4624978809536 206.72181768374935
582.5004628508063 -808.2402168707117
-591.4440779011974 -830.6580462201458
-275.874489351321 352.3648539388564
567.9250215909742 854.2952426721781
-770.1495980966436 -752.0996992996103
-757.994152637 -788.2270722250802
-94.76504724431447 -741.7036617034983
706.3409015495733 491.996962941133
693.7405151114249 -285.5982393089871
519.8282700754803 921.2123919825594
-767.3884853672816 -94.20095782225667
-821.7635851768252 568.2456284404261
146.16449096685778 -229.2982372999926
-469.42584628098155 -727.9215601290632
660.8475664510156 -995.3736144663848
-146.0619181046692 210.06337576442252
186.953269820772 -391.500678854297
510.68411284597414 751.9144521605751
132.98803242462895 431.23063660388016
18.07280000455887 54.79379896728233
12.58343361314894 250.11561350744546
-984.4906525860254 -670.2002071768027
547.1305289567836 496.3399949485288
-384.765132577797 -550.6736353687376
-540.2725911737509 697.9634816048094
660.0829282914995 263.7386080908029
-497.0462287310622 -697.680096070786
382.7533219499412 -828.1266751880326
-935.9004399963009 -782.3370882259317
-289.09956522673565 694.9262879404052
621.7411896748649 -925.9751702079589
-213.8017800784944 226.7598472235286
531.768962270278 885.6640544323229
-650.8635039625727 -303.4876834827187
880.528801490703 -812.4762059764374
630.8911731869591 -251.4164827068273
-522.7369787410962 -437.1783536381755
-871.5767030198775 464.89734107381923
954.2509079837703 788.1080012222501
-202.51970283365029 959.4071403502205
-65.78869381087054 -853.0143250349724
-184.16420185146535 -946.8646744824043
894.9415303262285 -302.2599802931891
864.2904379812669 772.3063664101182
942.3378267392218 -169.64810151288702
105.642660823597 843.7644067055594
68.31172487300068 -64.83361956359897
848.0385306196983 -378.15836285087084
-907.4878345757709 556.0597247229982
-18.676404443167712 -913.8725453047365
80.2741730248108 437.0885152211338
-359.67689234433783 965.9357877824662
534.8501188477026 784.2866038914458
-602.959027686534 -852.3409653543474
224.12418215132197 883.2468539764448
421.9247781466918 547.7991242917367
410.53489724339056 601.9833463112702
182.21266217127618 -190.73885516309417
280.42336860286355 292.0812753349014
526.6221146493158 -854.5661778689164
14.656611833728789 514.9357962651247
-192.54722643805428 886.2005918914076
48.82067903759207 -138.33697537535966
994.783989282311 -723.9238853988745
-668.380874440772 -419.24987203357136
613.5945924023747 -204.7607413882631
-26.174987151958362 392.9213163497893
71.5490525835462 -418.1207824417297
676.6047730652563 614.5617908777806
-639.1616456020197 -721.8225429054348
-661.1007513905467 709.8565618627624
-664.1127010867663 -60.86053074049039
-774.4414438801138 3.1477418109188875
-876.4048777253684 -947.1259954445295
-536.5657269816309 125.25653528712633
-733.475925295349 -245.8414111360861
635.8767546791039 -648.4617399591513
-898.2420856606492 502.5961217066922
-595.6305941544074 700.3997620221587
330.0044702712212 583.9618371244562
-481.42712580378384 -239.73819699128353
-871.949750288257 -558.5539949826755
-625.0590787130834 593.3201313324694
927.6795924438802 -762.0685671030571
-610.9900505896794 -606.2906655271615
-896.1224243573282 134.5174078716866
-582.1210345508075 -30.8147038162914
121.82545883130592 -76.27403283802118
602.2003104739726 166.12225065317443
-353.87422644529363 -345.4676184571455
179.34144119275015 -813.6636844326089
512.6401811526032 -13.53068723521369
290.3855738305331 52.73075731730796
909.8309483454163 472.72334158807985
-434.3364237634222 -366.4472539640584
-958.767830813913 32.313667861084014
-120.61185930971851 -631.2007004381184
552.4374819882698 110.20823916292534
88.33078073705951 731.4851227122531
833.2364407619989 -112.06488684762724
915.2809917040795 -569.9602052432363
389.95282171444705 -971.8308064002658
-376.29682634300866 370.53985962248953
-980.2547498174074 -237.8586089540529
577.9320379875041 259.2872435458803
64.08032378752841 537.7327769125598
808.0096918134495 201.856785449751
-957.275356263515 -834.7532305917726
-445.9339606961514 815.7120545114849
280.93628293030633 314.0149279969985
200.8585943520511 877.4907340917
963.7263396396916 -735.749151336636
-523.170147402366 865.570167015758
-378.53886057399325 -918.5682989401727
226.6773279799927 -569.9926345065207
-10.312888758784652 -786.289135884469
-378.21662305028747 70.5238052215559
248.7126210013596 -891.4611266321764
-763.8396161582007 -600.0700137727324
-753.595803071575 821.5844433152824
156.8158554829938 166.52431737857205
507.2810137604904 999.0877766093395
732.1288225179624 -721.7535387989731
892.7986280374544 -929.0188181554348
641.611907331448 -608.0787710949182
-830.4393167159649 -250.377908964138
879.4762127298154 -887.3472160754457
-579.4458109162632 -359.4437647186206
-656.8473015242018 -97.41689147728437
-708.2244061748306 771.4542967605707
192.8276783444669 -934.6153770005916
-409.5882642723054 285.44932312094284
808.0247114163551 -557.8943228026571
-673.2712085784935 487.3633236231858
318.2617082964466 711.0672218411307
-259.8395434844027 -676.9310166042783
415.07889685943064 966.4080762029112
-172.67138949104094 36.53524385281503
829.6818412398029 742.9048827641827
379.93609006897987 509.07816460785625
-515.5809866623058 -32.76640031191391
382.8723661456936 427.7164873200197
-454.21258104791764 750.5347098148102
-615.7021209314241 -613.27824831454
699.8028137834799 -922.4193863023842
650.1519129530695 -310.51754049914825
687.5853954535671 -145.52378685135375
684.1530935716291 966.5016790925538
-53.757112908529734 69.22852008110885
784.7156263164059 21.32383988357094
291.9869008976227 -117.40772066017871
318.13341029633034 403.6426096549967
991.8750215907237 424.3456002456205
-142.88700180197498 -35.13623167455876
197.7783236900475 612.4923724215184
612.7803359439463 -480.4451882448295
-351.86667312987913 -70.66743398947153
-375.3376026752255 387.55812021423526
-776.8806622258323 760.9780694019084
-726.2487946211588 -667.4786716779935
12.70540529845698 -471.75055180929087
199.02349868991746 -9.36816871103565
937.4303540838157 -495.47832812336543
730.1538652435061 -511.1851906973983
687.4564100612702 162.97091905263983
-724.6432527062261 -119.16515251933049
643.5011691493146 -418.52024980505735
389.9415588814891 -995.5908100735807
-748.9837824352356 -788.9582302273421
-117.27201987580213 -1.9746625104080522
685.3948357724139 613.6275302685838
846.8850188377739 -539.6791570231292
-856.1592752251122 -97.66461931201923
918.868762300229 -210.19265884254287
304.1713345190908 66.58049911670605
-496.65808785669753 -224.04800170087253
-422.1832286432781 -15.271473597046224
-404.7735955065672 -494.06962487214145
690.6760575363617 -149.42676362150564
383.32379839590794 559.1712463079298
-285.51108980821334 -340.27055509118463
960.4452106566721 241.7929612419125
-325.60054587605623 9.117543324044277
-689.4670111158352 -207.23669361777763
561.8991716236665 -473.5619120877536
-158.92233089023216 -276.9342609257401
139.38984054919524 -851.6045597766287
704.1319261060128 -573.3718102087441
321.1973385978447 -713.4149999597525
264.5589996960855 -142.99254549167722
620.4309063298206 22.76278970787064
340.02067788165095 -687.9353222122108
336.6979243252799 -732.2951004490899
63.22064143616876 -40.33701918563179
-120.15105179296427 -654.2535132404735
-808.45386104472 -861.394039384308
420.751708862369 633.2979328071342
31.945247006200816 -468.02660790788036
779.6533806610905 -66.31261835806094
211.8755420518894 -60.68719299896679
126.10674598719402 125.01110784627599
484.3100522604552 -434.1449743258463
-41.616162193432615 -827.7777151313153
164.04797494505033 -793.9716495698485
-234.26135522089965 908.3080370994262
-179.82952224545647 -767.915183297066
573.6884400983593 369.0561482654632
506.9696325860514 464.3316503241483
359.15085516538124 -66.00880706303735
381.85875273318925 657.2350927523944
-631.3426682821084 115.43062321306138
-768.9822653170293 805.7496349904243
-967.059044610253 -587.9218891531677
112.95096598133432 281.04616650098615
199.88867125443198 -23.33904636841976
626.1038271143636 -391.218035694302
-142.74014639580002 461.1927310882668
-458.298720193794 861.1957843291955
915.6218601227845 -218.0808438225299
477.530370772879 -583.383181057233
-874.7875097901306 793.9053504754095
-920.3180142259806 -746.2083533058803
-195.03898255004185 866.0092733660942
-476.3047579166142 710.5214745200244
420.8740521124505 317.51757019731303
-290.29083337592556 308.4484703207563
-985.8637889537503 964.1495128744423
82.87392737733467 414.52728438995746
-79.76402259097108 -106.61449696558395
240.0640620637223 535.5575720705654
-332.2311785805057 794.6398926669851
-953.792705527701 -160.58523566462827
868.5657366469095 614.9581720626072
-90.22935147635144 226.84292928313903
-858.4536910524109 -143.01570003478776
257.55619031228616 -256.7583133325754
343.7631246584176 285.09219044080714
326.7590447167104 486.28004200721057
-424.54987186241635 -668.5107263631439
35.51268412784907 951.8744961788555
89.1591807116065 -466.5101192538086
354.96008180714625 -926.9677835303401
21.720619751819413 709.8525945837589
214.59622966265692 231.2619192737725
-150.42914984702668 -275.46356440363877
-112.80542971537886 33.21434067978544
-533.8447269002935 -208.61521629465176
522.4167645524008 131.97537368317398
225.22167409430745 615.5953911937963
-165.81691791558376 -599.3831834324561
469.755165173249 -925.6909546913868
647.4824804073899 -621.9627705464517
41.0786261813621 -975.9708182982154
280.0918811871177 -612.7243253688603
-410.16457071898026 -282.0337838328661
-812.8387609311332 -865.4683390513406
-523.5332965112966 260.53776118735937
118.48955582291228 887.4440923975351
905.0063251890676 594.3549020038529
610.4639047523956 -672.8205305762458
996.0319173281841 936.4832887550476
-380.83922685486016 38.15928096639186
-157.66372076985215 841.5794372447092
-945.5093951525648 -207.90380002789698
-834.5875638243602 -386.14327861650975
-781.396860479602 -961.4485920589184
-382.058917829037 -474.4165615474192
635.6914191357703 -751.7294724347987
698.9732515942369 -567.4176939686997
-254.7170752159742 629.1097688695531
900.8259023997621 -309.1566794626186
-405.35258050370396 977.0285923271667
-673.8640104365696 799.5462197106922
-917.7834284303746 -492.26825859514634
-872.4065652906152 649.4931622458676
866.2902957160727 -184.17861989072935
729.4074913727222 347.6852160042663
-364.00711484300734 845.5563734960522
-471.1689298778201 311.24697376657195
618.3680433748625 399.2977926854189
392.763439664569 -152.56684870849654
-520.3479888314955 -89.30463691838338
232.78185924552736 455.21931601071424
184.51580581177882 497.39517085568696
-736.5940588998596 -419.13704717625205
-890.653671137746 -289.90423096448944
711.9280968301887 90.27555200787356
643.8437653306805 -781.5087985159583
-531.3511719995852 131.24560843942436
257.6329207014983 676.799169711594
-844.6488595077677 521.5899490953841
-473.5440600316425 38.25877892010021
333.18188345338035 721.1550577516894
911.0712740433603 -913.2178174293562
-758.3501801358741 272.78972880995457
-444.42896994910905 -139.1282093746173
-501.5774939708104 406.338968053039
-944.854416052937 727.3452212213788
-541.8991281088129 846.5446409355084
44.25174248719236 866.8627130666111
-213.26682484467028 364.7260020654717
341.1523847018764 211.78634002765602
933.1047136086024 -529.4524947466284
100.39666570453073 528.3525439552659
-536.103683714662 -441.12418490336563
-271.39507537979466 -43.58990991037808
-707.4001968874734 -952.1833052496082
-126.30682857798865 -787.8890406063595
778.0840320607081 -391.4498775654347
728.4048136001495 471.57375967974895
-807.960495405156 985.2085486555193
657.0117482684545 566.2435448562157
649.6746382765264 887.5513511564768
-721.2445564261469 843.4861751924327
506.6923615943808 400.64782454925944
-511.96839190437936 -198.50301291179665
-496.9884555559254 870.1875600620197
403.6658918253813 -604.650339061579
-751.6649995776118 -566.3268779210322
443.55756630133624 181.3996101751693
916.1639510601292 -213.59411258344824
-645.7721253642356 -171.3711159403723
813.8934827247692 -49.023149783040935
94.34003712876279 847.4333357726548
192.14530988010551 794.3546156717853
-650.8794867421634 643.1498329028234
-211.21599110452132 -241.22933640054885
-761.5521803172778 783.2328300206841
-438.67554506525414 268.0097545240958
-994.0351789118218 807.6906138924367
114.78177879894906 501.5645939534538
385.0476680201791 -319.3754142582061
-465.41537601521975 32.256571907881835
875.3092731941867 -487.8623850730057
-544.3247181394806 727.3001717906693
272.61319574993536 84.36142143456027
447.1594267003559 334.9369113264288
-930.3437467905717 -721.9710075803682
-543.3714980032275 835.0857012519564
214.05329974406914 -538.5676730225484
-229.66794868268164 118.89476791526613
-525.7232447695924 -807.9812860521882
-485.80091728318234 -93.1224734027079
-21.635009227917635 772.2799921459634
262.04166742148186 187.4951538914852
-135.21777258288205 898.8235519941716
-536.2575688578826 367.43683759081387
-259.40078836510725 13.72228566369472
386.73281238196296 190.6519640831375
498.03989755924295 -777.5430442511388
-89.71574903603744 -981.7355165993538
-249.3750128452017 -546.0866727088049
394.190380021862 -514.5922418517664
-570.0631931009839 395.5487879321038
150.74801365768417 -805.8778390060843
-21.091093358345233 682.5137572829669
-61.31804510416089 -712.4203364567902
-292.79264436449546 -971.6420045108638
466.0063292763814 -824.3340067191682
-618.6966322909118 -666.8584190735085
144.57709159459932 -404.5668675861476
-420.01531383469137 -929.0713105950022
374.8143909954358 58.16517467210474
-607.7697041852621 -997.1953488758664
832.9228925406751 805.3200542414163
-277.74782241503 -198.16751029216823
768.931497791951 -762.8448720813692
209.46737486410484 -61.25784594614299
673.6404246901755 730.8637029755264
-747.0430963244773 344.90302197678625
-624.8367122261759 -757.4982404052662
-869.5966823411143 947.7053018758668
-826.9424684590169 -476.34969701799696
-98.5705952855958 -74.06718727005511
-945.9486878241064 333.8245665944212
416.6330510230605 829.2630070918308
670.2500420458048 363.7377096223149
659.991636852033 621.5291909667255
-133.50405750485425 -211.74570843192896
555.9533095489974 236.22074369422717
337.5573696667816 -373.85973681520215
365.22595519767515 492.2158397878716
556.5279452605919 -374.5976780467588
-167.93421944097167 14.094130239809488
544.7207517563211 -425.89417480287864
531.1957119081474 622.2096074983199
487.78546161960026 -340.7969970770837
38.15143871590476 788.9187012894224
251.71770065775013 679.3166330367267
-361.4343864798834 -795.6080349161352
-918.4910244105731 -1.5707192951592788
847.5320214828121 -631.6674131407206
638.1800295864812 529.9464540079234
-776.5100855400801 -209.17737081886264
720.3649961868778 671.3736820619847
653.8825781030193 124.7745460287822
701.9702886305818 977.8062559552914
-921.8148548986085 45.920196614015595
52.38688697062298 582.7900858303385
-194.02712530594135 -381.4089073457958
-72.39264503179868 240.8958266737468
-927.7833961665442 525.5856694611789
298.2671903503224 -260.6389184818338
-319.4044710582941 -556.3182474605551
294.96351511145804 -385.3838503534563
-939.6955628248369 467.2708669951105
-597.7130397783446 39.85989025716367
275.76095311192944 770.0103356991967
-664.0450347831261 -395.12836570480545
-365.8500852444886 -483.4416334781366
-791.4345800704281 729.5423650774458
-807.4600305213329 -564.1408049932463
778.9045698717989 338.2455227776402
-837.8298224849266 359.6484291408847
528.6631683016537 53.23518644598607
-153.8674097818173 -966.5235375613681
-720.1313284117073 -369.92622844056575
648.7667628263962 -911.6208310640019
-828.8361016490882 981.6000494348884
4.592701555298049 394.23139577888264
554.7326551946587 -792.6783987867032
-469.4558482998809 774.2202839360134
-650.493851912197 42.54241587605043
-604.6905318584888 457.3745926751951
-605.9195020495233 -357.68673601069327
548.2024727221135 -259.83057693869705
635.2348314433737 736.768090269459
150.63150839132595 30.835707142915
856.1182633592591 560.5490593963207
27.12722787745065 -466.3832835674601
993.735812807751 980.1723648077834
-251.27487487838198 -156.9041806880349
352.3597690762804 50.3107040943662
86.4643176421821 733.8869006829966
439.76392622187427 -345.7634996209091
385.8644185798819 975.0190976629558
257.39834798164156 -629.9678448713173
343.561791524256 562.9142075641403
-432.81311041702213 786.1616737177385
-970.0341325346183 161.45126542228172
69.86036329758213 846.5940305209235
42.89160488403513 -720.0666953871271
527.7261236352422 -368.11802328076465
960.0549407340279 162.0829561022208
725.5747881457498 277.3200926892464
750.0516107322787 -999.4225078614014
-486.29464760357166 283.4040237729571
-164.9108673157698 -301.5178639782134
-593.0544802256848 -458.2070579492812
599.7503531197983 -82.50506448337114
-389.94680836483565 -608.2992021535065
-519.2502115389202 -972.7686705743068
-979.3494096953399 227.35528569819007
966.2962293040791 -131.48865339069073
886.2993060421611 -971.9345761207079
123.37964275667468 -419.8589735970954
-485.80158700645825 -712.6819883386011
-77.23684613945795 768.9857927865723
585.7545688978523 334.5576341512599
-368.28569907465373 -367.56449070536564
-287.9638061889332 -111.28093375968649
-543.0692745803929 337.2133811587905
-17.882072634175984 -98.08325499524221
-250.56954140920925 -330.1000940547318
-999.7308727175782 953.9238436766154
-83.43764024086124 -48.43683246273997
807.3636387843187 967.7476136888968
-677.8695279530058 -591.5982814899633
-406.89441423011874 795.6659753549804
324.9187868620468 -680.2469872868858
181.45586376596452 -721.6477456150133
-27.14013161569096 -767.3653694963793
610.7765168749952 -649.4296021109813
-581.9355677585224 -501.7590457175127
48.187586420394155 750.2121203516015
412.97943864208287 847.1703403528561
18.41429003613814 940.1725887050186
169.0911487084536 105.40563456668497
777.963711787276 116.38810653288851
803.8102722311717 694.7493260799458
-233.8998564344323 833.8179100871671
-723.6207167019213 -457.43832631825285
-871.3516189973636 -432.5312914590693
318.09878086024105 795.1880045872897
566.2243780876477 -173.13222909657804
346.37985679141343 515.3360902530371
50.79307561024552 702.7152032186189
-949.4819265174294 -953.970320301593
-713.9128101129768 -724.0965865048934
715.8305482696182 -269.6104831717894
-1.086848081633775 511.1058629400359
-985.6563482722407 114.56732142055716
100.5006339548413 -224.08582943510714
750.1753082169919 -832.7090230370493
-919.0779760842127 735.6819791323207
-92.49663415817815 -131.35891549715132
-597.3757611498906 704.8650801749907
220.60429560874672 938.7541261205438
-38.26926630358548 496.40955626198433
-867.9795125854735 -387.7465881122606
-780.8106282441177 119.43564125478133
-753.357031358611 -762.6580299165958
924.8037543341263 -892.9825666749862
968.4863814758496 -813.3516746424048
-950.170467861785 67.2001778459096
81.82508354241418 674.3248416583879
894.5714212925752 416.413396547161
-928.4420898888048 -419.6907440469912
-831.9218619207492 -377.5407933975947
224.28718576044525 -66.46227486226746
-227.44155713892007 -247.37334675460045
636.3188330712305 774.01049652338
957.8120867892044 770.3508249845138
692.5248510020901 164.3676379560518
926.9538798091125 432.00321809484717
-936.7589011444421 -326.6434954155595
-506.86052824834115 250.10611948544806
-3.870836117056797 -783.4137076321808
623.774617066294 147.32798639660837
666.9948268967021 457.52381448876235
-646.9166259779067 -652.9872193593975
512.0604957274625 558.9031241782193
-635.4707923745382 -419.2382242863248
619.8056891189715 500.158741888893
40.176447769399374 968.9062699120727
930.41241254648 788.9668996750099
-275.7315069593924 516.7418817131165
628.8920133836589 979.8524388973328
667.2023703170028 -495.4577311986388
-903.0893569977713 11.981882957190237
-964.9535088202203 611.6546047903321
-550.7130819669919 -7.237380690768418
467.6277895178523 -707.3110745241263
222.57739774389643 392.1467616602854
800.8405786621802 251.41630516271744
444.61021551023964 -486.72979831127327
515.0310997697584 -289.78140019983573
-871.9046549212542 -713.8777037346642
680.0379421060486 481.3997029510915
864.2717480479264 -356.52177269927176
-425.1757508025895 133.30002055115733
-955.5350026762724 136.00931446038157
459.1722153008618 702.419461954044
-27.980636055449736 94.00622798400968
-1.2875414450306835 -156.1358507883101
-695.6002003410582 -694.0869483085432
709.8147429903238 910.0555080316844
-402.36395039978197 552.7795697527831
440.1727296353356 -774.9122546205338
34.49653341750536 -466.89375441453217
700.2190331130246 223.53247579381173
-851.3874911166413 -656.342205391788
51.94761522989256 -193.1540545108121
112.02950119851289 -82.65914040513383
702.8950064718929 -356.5918262446255
-369.58346903885194 724.0948824752027
-622.043348232167 -567.295103078024
855.4806592443556 731.8136040499417
409.55944999750477 805.7409103518626
373.4433123015624 398.8493480344141
-311.5962477447283 981.2531129445169
736.9893704415431 476.48892364184576
570.4863200660361 158.7201728346795
-954.894193260954 140.65095537046136
-927.8920357807061 -635.109484404458
793.1286474930678 -447.9658136721778
414.30532162906957 -646.0400979447955
-804.4537397558611 463.85676981911547
907.3595422197311 -287.98216744102547
-221.20029632385 12.875230575866112
591.5708766157973 -858.7051087274125
-592.8555059406051 28.202480682641863
-416.80870309277316 -68.50467893758446
-686.1514052947608 -369.98825711542054
-938.820559649874 -100.14233128090439
221.47594942128512 854.4048108703798
388.5210814449638 -585.9958558015628
-638.2030914134857 494.66747863125875
-490.208026237096 366.37483311410665
-485.5110510709022 -192.6736313064963
765.3673488048973 866.0168827625864
-668.0245313844424 938.172249487985
-892.374820044477 859.0207638904362
789.4919171677107 -356.9422398719762
791.5525182319091 -385.65378250768003
-36.9888992535881 540.9481533848857
-702.7022442417613 -25.976534651240854
-784.3499932082643 -646.6247991107213
570.7734928940242 -275.316984630948
99.07652517448969 667.590580036682
390.4336661590571 38.12997403824647
225.08648202387553 -720.5908176698085
405.6075085732193 723.8847182893301
-357.0394939955057 531.3798564474005
-386.495886418899 991.1226405310742
193.89828018287835 -214.4368944228363
657.7337717885648 -362.85955420385733
653.7230501293225 610.0266090863568
-428.74035733049357 912.3287484388466
-579.3432485972592 -707.3387889139202
327.93981767677656 392.8086397822956
-837.5146054520612 -775.9947476306284
-507.3467217074132 -656.1477584902307
21.56807535298094 443.6482946790777
915.3919081060587 -846.3843459636935
-78.28829203490614 314.09296022813874
626.3780381303761 517.0083466278804
-185.16346975744807 339.2803741957284
935.7653918899744 -33.25574667858791
-982.6346026254354 -429.39962983667465
13.66289539214688 -668.0541306786887
413.2863656114448 842.9832590174658
-933.0011782010453 -168.5828760939603
-995.82833337104 470.4818156333765
-883.0583327411374 772.5901272492479
153.20773593111767 844.4062689434636
-614.0174428008338 636.9079780286193
568.5449161956963 -117.2047666032563
531.5838015918969 832.2278061160869
735.4370162634659 422.67750361244543
212.49796672287857 678.4429086375212
-209.90007122281122 416.42248078506964
116.15909804205785 171.06035536170862
407.14773951395796 -178.02191685975924
338.59206913909 -544.2549593862842
766.7317499022734 -66.21120856128289
-569.9951877920478 848.4456671204643
727.8482365605257 -428.0171978354763
191.58731845403486 -868.6197645540503
512.8740471972569 911.6171181228797
-571.2979939841964 -45.96104183644184
264.68303086261085 963.2405262277757
-326.92078726007037 -849.8870487025074
-152.2554090731196 824.5028785194086
332.9286020718439 926.0233772516392
-435.47272156159363 275.2609904363135
30.23547271266102 -987.3344496747758
-755.2569675606103 -793.8518719857146
34.34969300556372 67.70654488300079
-740.0045869356446 439.2614412930052
521.2052108494327 -511.5696770072062
931.0012229658953 184.62085691680068
-796.6456198342755 -368.1636801853117
894.9722134376752 757.6303515754562
608.65121202041 456.61378467269446
358.0029271246942 -816.5227158251924
-3.8352409713460247 765.5108717911412
-312.5699123140935 870.5628196591349
-945.4247666062028 -393.20270985327284
-820.3015209353217 792.508371436267
309.90740235760086 701.6990568625233
66.99417819509245 106.55183644892213
570.0962178275188 741.9356591104943
-967.2733149133351 -339.60486093150564
666.6112406756527 -395.903060814128
287.6302507875055 542.3660436019466
-544.7010856883745 20.851796069548868
397.47643068850994 404.0791262478085
-690.3926516520912 544.472984792757
559.0107366380018 531.8585824707993
355.77109540010997 -600.8682901117337
-764.7225876703885 729.0000636828088
-53.52822084813863 -826.5421412013841
-269.8829915485952 633.9166830876491
668.5293584676772 933.3675264965091
25.995051327034844 616.1297001833284
803.852940445493 933.3676440661611
-482.2833208705732 46.56564950562006
451.95834767674023 259.3071596517432
494.3538059823841 726.990188618405
881.0034852880572 935.7081387622918
-373.7593106026425 -164.27667526158518
563.1511497488518 202.57616615106758
263.1676724709305 142.41892191569286
151.65790290604104 594.8890648950842
-105.12478110622862 168.44934307177618
197.78040715063662 -973.5215427884838
-698.2445147912417 -531.2315440199111
387.9499039418115 -761.9937810502355
361.7871290217247 541.1335580652803
-990.5049671871146 927.9708092422331
871.3858334819724 -41.59639478819679
-255.38219754422903 667.9920566811497
-351.7219802723837 -739.7838047066579
613.3165271338592 -417.0121105412479
822.8774140666758 -493.31587141932886
-193.05853395844247 860.1645515412076
483.46141909270546 558.1490724554753
839.8531550559524 105.25329673840452
-254.28670534399362 -733.211339077805
839.4101029503793 -552.6926467766841
103.33521856348693 -293.52531546694263
162.02048979911706 258.0366888055139
939.0096517924856 719.7670538934647
-570.0676263767206 -912.7077877064722
372.875447130162 -425.37289782357607
-202.03324572050985 626.1990295268554
299.31521169475604 -1.0508134838660226
128.46957138989592 939.4873261753755
-379.90004495258177 -549.7809705462535
572.3819016539219 705.717281727301
-396.7645050781747 606.9011211311656
-610.8674410027108 748.9928054172719
-579.9076048187486 -959.2319333608569
-817.8775606467848 -428.4560144639207
-146.10928605493973 -541.255104468313
978.702746571545 82.68478467538012
303.218900502764 207.05405967377214
124.27392126544487 123.7117158997155
-638.9030054046232 958.4619445601172
-630.2908126388638 258.6433067938906
621.924080275903 125.72491843351531
-822.1849294653039 -696.6820349977661
390.51392145855834 -744.3504188173189
674.256263073418 -240.12855083076954
-285.2600894008797 836.8502862268117
956.4091319516174 -426.7865158018209
566.0495452270827 -701.5940950683122
-856.2506197898605 130.1230057985124
867.2427363249087 -156.85497723088736
-548.0902878360391 -720.9628167281628
226.71983653674397 435.551744280398
-67.02541151559524 -589.8892836279342
304.063412604439 604.985884647183
997.3967355664304 -422.003626120689
-80.61370890314583 -248.56828950433487
-800.531536961747 614.4029769468254
728.2337523679698 -404.91228561925755
-491.75922954992825 703.6018935144696
-97.54363913074428 242.14781016091433
588.35271243493 8.769889692190418
77.69085302647159 -259.1836162545495
529.8258506500126 -308.11945025334046
87.78241463459835 -60.35015261771218
-420.7583025276449 -802.4351319251974
-447.3676171766583 605.7065183517493
-158.21164739181756 3.9052311455636755
889.710174850735 -866.810296397986
-880.0033466069428 -5.2394303450194
326.8538023954311 -551.5235872228843
-695.9787625856824 -605.5544024084597
-964.544424821763 -682.0028750062772
-180.70019646358458 -183.84892089428354
109.56223254036945 355.425175422193
580.7720677053774 448.0559231827215
546.4518532100824 -794.6411930559993
-206.2637087889383 -724.1378858508817
-368.76276020591206 -501.73879434630453
61.30183235883146 -587.4072023359824
-104.69678540095481 -399.1589107038154
-315.27916887744584 739.9713586139931
-615.2846638716946 -597.3534627864271
-272.7149380082776 569.9662137830369
541.7791175440645 -58.507208940906935
303.4097112665065 877.8035468560629
362.1212364866119 319.56800442491726
557.2425706615661 -930.5653694242142
-818.5866131367696 71.35324008813586
-161.73356235334893 607.690475204723
369.2140286602412 -380.36717721468017
-770.318902078633 365.63647678506277
560.0393331138782 286.0487177673747
322.887720401593 -708.4545916992093
373.51861792406316 145.51336427970318
-765.9115827793121 -746.5651233376365
-245.87856082018186 382.80933293018074
-181.9492074371327 -197.7366156631764
-504.38544065596403 107.75222304450722
469.7759421230353 -702.7299306261702
276.9712071753204 -876.670888746639
-943.3889892903602 461.5641806334934
835.2251965106043 832.7349381258105
856.3734982796379 923.5096989779538
-987.1312323732182 -865.0053533911606
-397.5707955719121 -901.4169080406917
351.7533631802394 412.06756653049206
684.9272859443827 -84.99895529151559
440.6290467119809 -956.6948191298117
-911.2722846950818 236.9524202439443
923.3590839564079 342.5253656898781
-770.6458824496003 -409.0655297558568
410.61295093579406 574.7141696291549
-325.8952675049543 121.07313306231845
-413.0093843916185 -55.14101864607551
115.60192377281578 -916.8486051945932
-999.3993335665101 -527.4437495167019
-38.357366582550526 -748.3858433291814
-914.2408747712982 -166.39245345430425
973.149846919049 -183.779231100542
329.7900718795031 348.9417221122262
132.81938394772533 914.1868068903252
246.38457766242527 -641.3703133311021
567.465003073873 680.1554848710273
364.8664323870371 -313.5122390284106
-314.4178265907507 638.7185795455241
-501.26447740253985 -452.2656798203226
-446.5021028709673 -626.3474725085773
762.7955450309134 -76.55772052974521
-102.31781431584136 -261.829205425189
242.33906360213814 -75.46420758255908
68.53272150316229 113.74265071245213
-243.31505891722168 739.2461285326679
679.0426110094604 -921.3844932313004
-176.89005377899082 548.2288843236531
-794.1405716233855 318.38957070314063
182.26175650940195 -408.0726707748008
188.01816828225628 -607.5275136915491
-567.3714790298438 628.8144981002317
-737.3439883683459 941.9433055776124
-826.7673267902537 -307.43450800800497
-448.31275703176993 -734.9775676558727
-273.8945678043963 -783.0254477007072
-357.7560211170987 720.3284602905187
-971.7219508643764 77.70940093762238
-489.869383384957 899.2588176748754
918.8964517670424 338.7304762857302
320.9151786772568 772.863863488773
-112.62645721169395 963.9874958609821
340.466167089043 -407.74817104133774
611.1974218780952 -163.72794827474797
-703.7293574489789 -849.3698168307442
338.59864761087556 500.2816665772323
-796.7871801494196 632.9618212106614
-376.3887979373186 996.253900806513
770.6693110449758 -531.3604425737913
643.0788806567348 128.45976520074396
-891.9245169454033 268.1432914034308
804.37341294 0.7881831111619704
819.4582863791779 301.70149633320307
-657.3935727476619 -679.3205679344551
554.0570180609857 994.8767221322769
417.0564168486478 12.412804112752951
-399.29603607059505 -50.69741762574779
-445.6260116378638 -975.781176510692
-742.4555766467578 -37.71417985250139
540.3585614000485 -595.6024645049494
-674.9723307478157 -765.5854724428017
126.56682738069594 -738.3153307118021
339.5183439430532 -434.9589223576122
594.8156323461983 -164.80895315587782
436.3977535964059 805.967631543816
-18.327110886943842 867.7817281930595
-42.742766807657176 -414.56650022148153
886.316861612067 826.9421480595315
377.24801288426033 -721.2017166144789
-951.623219134113 710.616346726807
806.6980914883252 -738.4429373344756
47.36779728895317 896.0971725238187
-592.1990838330164 572.4982339782744
-661.6101855976983 738.1171726607181
-356.39478768480126 -140.3837006295878
-406.2938663426678 -618.7900543290891
-900.6970629963469 759.9902839867248
-597.1036122226037 -734.5759288994711
135.68014592624718 -593.9239606686242
333.68900409140815 -122.51652303837818
81.34956697627467 -529.3748293980539
-118.57828356060179 -175.15245352672594
-767.3299414379469 -503.7457906193121
-539.6590260525422 -115.08679596305058
591.4979697810484 -663.1094990900846
-974.6946328422658 -275.2633041485419
545.0686396295982 661.9903153865889
155.58161973206188 714.4863457894223
-268.51975140629577 904.7950546074337
-765.3734692054022 940.4239537411397
-674.0235933576155 933.2373445040157
-161.00062689775086 96.26833171300473
208.6635026190222 -345.7945504628244
-634.6987785091214 -617.0189814985631
165.4713331623343 -663.2423144277433
-234.88078137967943 -706.3154550717312
-310.58267927541203 687.2641377740804
641.2029408162696 493.2596682785945
-421.8074835372969 -475.41074189864617
213.26465011371874 -600.4441333197827
209.61979101685597 227.23194910474876
386.93106161066544 -198.7229743143322
-828.9588343841563 -955.0189640416962
205.8899610971796 979.656047497585
-233.56336817878503 -961.1160427767722
452.436379146317 792.5329312803626
567.0762606937747 -488.930564230718
-71.6106444966722 -188.5349249049258
-856.8985307163478 925.2686585884926
434.79264998829353 -953.8421785091666
801.8312989890787 -909.1950172475379
5.459106805998999 -772.996043167318
-870.1618460607909 -566.1868608117022
-582.5343215279945 -340.60100055317037
-346.50900565260076 -302.472595942338
828.3992369764787 -116.45159217966068
400.1647814782484 -208.53392823348065
945.5806455977306 926.8313325196673
988.8113523005161 310.3310348420621
769.7923837111584 -777.2384038090477
219.5638742108888 650.7657044038829
-88.81280017486961 -917.270907444173
-842.5105188201123 -425.6546661172349
-708.0309673216216 -19.85822192614114
224.69371245449634 981.9545799359855
183.09004161579014 317.57565986752024
-93.34887526907369 -581.953972751159
209.7158367171089 730.881310445908
-903.7403413311731 -688.8630840614813
561.0421711537329 586.0214188961522
-716.2717521002597 -411.454999083521
692.3496159410493 -855.9714830038412
413.091397074882 -396.6369173476613
-831.2165397204412 -979.8790127641115
750.7520605033421 -622.315590520029
-134.97313616410293 234.4414285834025
-743.3515500587193 -319.5320926161045
-877.8326022016587 -907.4701027458689
847.4294835760102 495.3855755286411
-130.38142577327233 -177.6265586154426
-790.1261881423662 -87.35390775536268
-983.6363947981162 -95.35125704589677
-117.5971832894345 380.36105453404593
340.71671784881755 412.84069189697607
204.93855147476916 -497.0321515199447
618.6520381377711 418.62894368966977
146.43113462752945 -605.6364517055381
-939.2435393092879 -747.508188675277
130.38219430553113 -190.39439027694652
-114.00195235330818 -493.2790413819059
-846.732436086963 36.8495662482203
-44.74941436643883 828.4735151647583
-222.16638177820494 -203.32719393847287
-442.85782268591583 529.6206293136279
643.2487020503136 -809.4401329406431
417.38797832040837 192.35687155628875
508.5230370764066 515.391455402681
-393.62444819720974 -580.8802820498688
291.309509525355 -949.3860895090261
-406.90075776741867 769.627955627858
354.5016796288628 -293.6329381654574
-332.5266550665365 86.13815903334648
108.42070047101038 905.1342151798692
-597.7378327812642 30.31572285484185
-344.9874625633506 983.8798644202077
46.369011637658105 -29.59833961852928
369.0906597882713 -711.3101723485229
-219.56262349105077 -677.165924755281
-404.7755768641714 -834.3731192355015
-787.2613838494613 988.0729093624882
684.8886895644475 441.47530380184253
-733.2841152537467 -761.6243307449644
-323.4812140860106 -341.5465442852865
-607.9709699383664 -499.6120772535133
-754.5039386859227 231.22190178278493
-444.0742073410013 -579.6724221155134
178.56726952804706 -321.2252201940082
588.9666879318534 813.7918557629389
293.9589702880444 173.08167552866325
-428.4328157359349 264.22306205975656
-557.7560500283589 -364.00043084195204
382.20761473561583 243.5894340750433
-102.99050558149725 -970.8775468930017
244.2041277963017 209.79283127172562
-616.3016425851733 15.560884016458772
-294.4099393453812 74.14875111604533
-993.6463686479675 442.9150094975191
-965.7825668791963 857.3581838226371
-284.674722686044 -68.01495791508933
-605.0382150390317 -327.93171027975006
-318.2944515005996 -742.7433992498159
902.9108090299139 -491.0399400117869
