745 513
235 24
116 -787
329 -579
-809 43
-739 587
-725 -89
-275 -862
475 417
-493 337
687 144
-680 382
-279 363
-801 812
-334 592
971 -781
-609 -696
574 -423
657 -819
853 -453
456 -214
-431 424
626 8
-310 323
431 641
-689 284
467 280
811 117
415 -521
-565 -438
-789 -841
-760 -76
-910 483
-263 -765
-543 -737
450 -161
963 -561
-845 575
277 -581
558 903
-81 -771
-863 -871
162 887
-995 935
604 445
530 935
-696 959
-326 -817
-800 822
831 -929
-176 9
593 -856
-989 -552
-624 227
419 -246
-178 121
-688 199
-729 -220
-770 -328
478 -84
-600 83
60 -524
586 391
-738 719
-827 -814
-70 488
-359 715
-389 -122
832 -488
464 -142
10 816
688 105
-835 645
-645 -738
-468 911
-189 573
-429 118
-514 660
-838 -429
926 180
-782 -668
716 562
379 703
225 -493
818 -281
-597 -629
-68 -902
-123 -655
-8 806
-973 16
-951 656
290 -42
-127 -785
-650 529
-361 760
-918 -952
-36 -777
38 -788
523 -213
-706 426