5998 6894.6492373676165
4260 9392.290002453947
8581 4922.789437566779
6915 8978.827901910545
492 1171.9782159882548
6894 8186.708833980629
4478 5538.294806850949
9222 3074.042462912445
6072 2402.797454804981
4206 1487.4258186100146
177 9565.889155501756
744 8814.659112554697
7164 4289.48838715333
6038 4843.504634827675
4758 497.438183440059
4833 8229.607630842931
5348 5075.783953458516
2059 7539.048426935684
5422 32.39576630247485
8623 6733.86031999486
3306 6895.561302757728
9742 2257.2937526830947
4003 2065.4805017499493
145 2163.5995694300746
2820 2863.2362152806336
7884 7299.276999192028
8061 4417.678035325745
4328 9955.952133106344
2677 3722.2026271399404
1421 9818.173488089404
9508 5400.245086933265
1425 6255.261082300895
9494 6057.726996704062
7151 5688.881789479269
8986 630.3141340169152
5796 8987.014457244799
4920 5054.927949330637
2872 1638.0795058994127
451 7224.0220437144535
578 1315.756061292777
4924 6311.293552675421
9239 8842.636418458935
7607 9092.266167111326
3819 1366.022754874841
3038 1652.9823690964072
3357 2836.612359555181
8007 8079.551121935344
5278 922.3680518716403
4639 1912.6677323468552
1576 7347.319186578982
3029 2359.0304781072523
1251 8156.6111757182125
6071 6227.994742717837
5577 8516.182824899339
682 7980.378904356423
6586 7294.851654785894
1262 8244.762369914595
383 8504.958600130729
3272 6015.604219428263
2264 999.2369679648211
6050 5847.397961010967
3362 5850.393984154457
4335 1899.0116168763298
8995 1166.9088153996133
6359 5245.328910168142
9420 3201.2379915951105
4934 2304.5306008115417
1517 9031.32441349833
4063 8551.954973471213
2152 4641.749540251028
9334 5784.415692611174
7061 5400.387620319794
9980 2691.648029546482
915 3395.3712298832897
6444 7239.050941834169
7056 2776.980769257861
5682 6335.693376244474
6596 5691.375757577184
3367 7335.131295137563
4615 36.929235900683054
9069 1033.1768154599079
9570 4426.601414441116
4096 4081.6435158680874
8874 5599.979599179856
294 1266.1602414596196
2281 9738.317811676501
7829 9287.840531488733
3575 5393.913253089431
9764 3402.9872438780803
3277 9080.547975494868
3469 9378.998819289189
3540 9167.308008903747
725 6204.423460851575
3849 938.9354147205946
8114 2795.585741339436
2476 3998.482892683589
3608 518.7001930115212
5801 5691.816826365827
577 6828.161935360606
5891 3723.8859481967424
9085 7172.21123450563
2 1086.3639263892946
8690 1893.7196390229835
9893 432.5025575319693
4135 961.5149463591524
2367 6084.42536333925
1358 6329.354863414966
4001 9435.81091143242
8398 9189.015660792087
87 5501.555258048334
1171 2888.095882927791
7774 3199.678498868867
1326 7137.984115478493
8159 6808.213507420602
3776 2882.3047652021655
3610 5987.311071002286
7755 9823.606704324658
5503 736.6871484089221
4875 2932.5958195902062
2241 8931.671169684801
1364 1251.6436068305918
5537 9065.02302542244
2047 3740.517320703412
3766 1188.6589695669986
8362 8249.044686920532
8407 2399.8159352341067
9776 9680.016448459472
1814 5509.466616303446
1665 4406.33711397797
5323 2315.1242252073066
3592 40.11656566571657
9126 4606.719658331941
3026 9816.2707927533
5365 3413.5849050534334
9434 255.62551141465937
1467 5660.209683560364
3266 1837.6660020407664
9741 1865.6735154864782
2892 4259.082013439492
2074 8076.959980584799
3556 2552.48285584641
1580 5342.538175014624
3854 659.6590137313193
7477 214.13009669441348
9516 2093.995324193433
6766 7265.828700172601
9370 3801.932804601744
3607 8743.335694139927
2018 9553.588368642888
2565 6545.652584565061
6877 9193.87417805059
9445 6495.014259768952
8518 3465.734129680126
5992 1480.1964808375744
4577 3120.7761745871912
2947 3805.330008315203
5198 5905.594811075271
5364 1756.6686123085562
2538 6890.22708591704
4610 5411.544242876229
3040 2174.2413001305426
8939 5519.50398642987
5015 6304.191500593126
6467 3127.8123232853145
5736 6209.118593529906
197 3108.1445241837428
4859 5462.673852269315
4034 5605.649589065418
5202 2915.2152606951017
4871 4311.439495335504
9044 1178.546376595691
5000 204.38907025391512
3935 1109.0219627477898
1709 4056.0613918935132
8065 7111.720292193076
1390 6514.174220156831
557 4931.78291005249
4648 3173.5652507461846
9715 5014.94048946124
3046 3241.073961719369
6854 5276.292238190219
3300 4652.373714069439
8714 5087.188204211479
4800 3977.4308107918428
4880 3725.048927168166
1450 7555.161850575511
3112 1609.9830801722474
5289 2218.306489997963
7408 2968.776670719973
9777 3261.0962781598446
2719 4346.946934139047
918 5998.128671087949
6442 5866.857598368166
4553 4145.133802562384
6163 5147.611990724866
5534 9568.258528821945
6144 5410.124718147287
6195 7307.755858652244
3943 3775.8283396774145
3809 8901.183134174924
8435 788.9194083474955
7948 2377.2184542432515
3898 8558.06707831644
2405 8780.65186784509
4412 3372.292999694767
2184 6903.766828741492
7182 5317.510881055492
3077 9514.671279291766
764 1394.1465074139023
7586 6727.258139316821
3050 1399.4461686736975
6899 2550.807924923231
400 2398.7317274931424
5987 7712.757723565811
5483 406.04825015363747
5989 9970.981031250061
435 8283.489677241832
7451 6022.0010473372
8128 9404.980382122494
1133 3203.9044424862427
805 6794.446131500119
9403 558.969709770829
8357 1154.9477102485373
6174 3275.7452882188863
6339 8774.902489630495
7781 2900.5610187711213
7536 149.03511982610218
7791 8469.853659241366
8573 7767.820162869564
5573 7796.01488370117
3876 9225.220939456252
4231 3943.2451911176377
9806 5494.427852928489
4103 3343.917371560965
4979 4550.156991106828
1625 7370.658328007806
8608 9680.95244858537
3703 1808.47624751511
6454 5068.995989135408
8329 5761.898215171821
97 9980.527248449966
9685 4439.097407798226
7519 9849.404632519687
7514 8239.80108745029
1784 1246.4022438250686
658 9364.181885164604
6191 265.47807540462634
3833 9284.753879118938
8672 7488.666427652846
4724 4433.780704141444
5154 3272.3048620648447
8343 7187.149456178907
9833 5967.99796559939
9740 3493.445146502296
9558 4225.945794009292
5915 8774.651441157559
8285 3684.0141565018275
2051 1083.6284062140278
4663 8502.113237986516
2274 3090.4302291133745
5606 3735.0271018245207
3551 1653.9809500374374
835 2846.823840598439
8359 2915.2121080495717
4068 4565.543530490609
292 91.57647020307313
4084 6920.681425163647
5986 8644.037933700916
3337 6855.282507426157
6893 9267.115850380573
1279 3662.105786096214
7673 7853.834263150505
5556 8896.5862847837
8736 4234.365790392257
3314 632.1081543794791
3291 2299.244821884573
1111 7786.838366304594
7371 6237.745893951611
3741 8146.118593440086
8263 4403.357254486369
8388 8744.260767828384
9000 9943.383389203611
5322 2351.8484227977633
8092 6196.083885561571
9514 384.302396564935
867 1343.2025695336579
8231 6897.990233333821
9287 7121.70496236539
3118 5572.463421467565
6150 8454.108155715148
195 5987.423110797787
7087 6203.403435325388
1114 4672.432409043638
2824 9615.941522848138
1034 3009.467749266905
1837 6469.95493004318
5653 501.81874653775986
3276 9598.193957734336
3475 1994.7456302341195
201 6871.141856713692
346 9768.397199104098
6843 1629.84145944722
4736 1183.581673524737
4694 779.1390839608048
8952 1465.6158165597014
2483 7924.549196276218
180 4504.635727080418
4163 7103.061064356995
5423 8838.913178591944
4385 7204.732241154543
1558 6096.378385341669
7617 2268.5424023963114
5700 522.884959495694
3309 4895.487164860127
3204 6349.969809991411
7780 1204.4986705270246
8982 7602.747891776197
8038 3373.297798539849
5840 1480.3886244296816
9531 4989.83990083354
300 9111.546025786762
5045 7210.684216946264
5324 5676.364434563822
8171 4915.880197653234
2600 1018.4130070440731
82 5180.665630284428
4853 3731.702604954466
8432 6664.690249026901
8137 8425.854333791125
1224 829.6561581514362
588 1845.7101583416913
8283 9586.989460143917
4554 7187.19433842214
2869 1357.7028628242122
6448 9295.432518249398
9318 8583.660738300094
1106 2643.2865207089576
3044 1644.1862772643888
5762 951.7462310388528
8115 3162.4001756771113
522 9125.417306029687
6007 7260.151529816403
2782 1968.8521238975
5447 1165.6513482398736
4960 5154.877608760667
4223 7903.61866271702
9611 9744.851020901455
604 3778.5131752887537
8344 9296.79280778859
3625 9200.560628046578
256 2349.3007753108404
8305 384.46096373419635
7184 5180.9238812229005
5732 9026.12773055701
4024 2082.0109886013497
9280 7010.828815923417
6861 1014.5715163713315
838 2585.9626665937985
4193 7005.230166830008
4576 9950.773783115192
4280 8404.407394782784
7452 9351.032055668478
4801 7881.035320397006
6486 4874.781334423094
5366 3963.8631825158523
328 1712.291477540556
4843 3369.0112159770447
7278 821.8186747985369
8254 6354.3546110306925
9159 3160.0870204715875
6919 1087.6130614502467
5178 6692.521175586922
3167 5174.816248462255
6381 8109.091426496961
7965 7050.883598525229
9074 7701.778449903656
7846 2612.77178740245
1040 3627.5879853450224
4917 345.7476911284955
5224 9632.302623882371
6961 62.191067730854826
4369 3146.55131661014
5051 208.3658969880778
5839 4202.753748493949
8625 4047.267454738577
6547 8643.876473366734
3328 1499.0847631942438
496 3558.6610042735506
4634 6828.724720459415
8540 2990.9554416757305
4559 4699.68186098938
9951 6407.456197565255
297 9157.453223143808
7063 3548.609208938461
5787 2323.2376951189744
2757 7033.033576542489
4214 275.4322820134607
3951 2010.3037646634718
2402 2099.78251267142
4185 3444.0006240038924
1694 2380.9921390142113
2690 580.663619840297
3735 7105.302983411144
7887 1560.5048124140867
8304 9804.974550543699
1051 6834.552554529577
5940 515.1666691728234
2143 494.39628937904774
60 5410.391147559595
3253 5644.263887885607
7328 2526.632918642952
8051 249.76867957760328
6831 128.8953072300799
403 2628.5803026192816
5852 8202.221924888465
2445 6258.163092907092
734 9654.008094533732
2828 874.5042588908507
3465 8743.372700300051
3714 3546.932540652736
6707 6188.0308739164175
7919 5767.167471886648
8449 8371.347127437437
6508 6644.074095284682
5230 8622.29428544614
5123 4233.544426204856
6111 9504.370566422886
7899 5991.981253780872
6201 4598.340018191574
8527 725.0810910564807
8548 8794.474418768903
8411 8548.120772189646
701 6104.321875895541
1078 7778.487359340376
4926 7586.488463489013
913 604.9847197543654
8251 8271.229232591699
3752 4981.715953559784
2762 6464.596377897055
9392 9085.127810590997
2532 9124.112644245497
5122 4599.167587910014
1922 6749.474539255781
3354 4112.660305125037
2028 2334.8222763014032
5073 2388.8056014235585
5231 8557.796072147436
455 5338.742362152019
2748 3479.0208293184946
5444 7669.367528210335
8718 3932.866456611637
2796 9797.41666718901
8332 4344.872409579858
3520 3785.9080048851038
573 2136.555288216005
139 9210.545383907314
3233 4288.707553388435
6850 3250.918480449995
4727 4753.012772711884
4991 6950.7600004029355
7698 6823.510723661115
6951 169.56144963195715
8253 6046.380400394652
7209 8449.797724481547
1286 6945.185019154602
1038 7032.002150058849
7313 9200.705754373583
9590 4026.3222631846784
1098 667.9219497840592
3664 6226.008400128503
760 7991.833151977738
3734 2760.9750019509843
5021 5743.5796793558575
9105 2173.4331233956273
3068 3880.7974683123834
2463 3699.3506779091463
3885 2963.284101652658
405 4978.056979628545
8327 4859.789249299188
5047 6924.512779186556
3883 3712.5944390624218
3107 9850.734690512294
9402 4390.32257555974
7353 1887.0215389786551
7638 3114.8042119625675
1429 5141.774771894402
9141 9580.658233716793
1803 3739.557223835116
7597 4081.6635439808565
2005 8605.869521395389
4406 9026.344912405766
8015 9544.227062342743
8481 3337.3837179501256
5970 9604.68427663847
5161 3015.1156446975965
1641 8687.847163739383
6298 8289.62790713947
2370 3992.6911834628963
2012 6965.130801742328
5343 8749.529567113168
