55.56 97.88 33.25
12.31 22.01 58.92
17.18 34.24 44.37
96.80 3.48 54.79
37.34 65.52 62.59
9.84 66.41 24.61
25.93 92.66 74.61
14.75 13.98 17.29
34.54 61.52 92.35
7.69 16.98 87.19
88.04 90.45 3.75
58.83 37.53 55.91
62.69 26.96 48.79
67.22 18.57 99.24
59.46 17.33 72.12
75.78 66.89 15.65
90.83 35.97 61.68
41.26 34.64 46.52
90.65 38.07 73.54
86.84 98.48 19.52
25.63 1.30 61.82
2.50 3.61 56.47
28.04 21.49 82.31
62.49 31.74 20.51
50.03 95.81 27.36
83.65 11.91 51.94
18.74 53.32 78.64
82.61 93.87 38.39
92.26 29.67 68.42
70.73 56.24 5.87
56.57 7.67 95.39
33.50 99.23 48.17
12.30 89.53 20.35
28.58 3.17 74.29
52.72 9.08 64.67
51.24 89.04 36.98
81.65 13.44 60.87
62.81 82.53 44.75
96.67 80.81 59.16
41.23 97.11 26.02
87.54 83.65 9.78
57.45 79.27 89.11
44.67 94.37 34.39
1.00 32.30 61.23
43.83 8.16 49.27
41.38 40.48 12.36
17.71 45.95 29.94
98.99 39.35 65.13
49.90 45.59 84.18
21.02 33.66 42.53
59.81 76.14 19.71
19.94 22.63 45.37
63.39 58.76 63.75
28.88 64.24 49.32
87.63 54.25 93.43
72.46 59.48 91.55
38.14 71.86 6.83
92.12 41.19 16.42
70.89 73.31 45.15
52.59 61.29 39.85
11.34 67.27 77.42
72.14 20.25 50.12
14.79 34.73 85.61
60.24 8.91 31.92
45.39 93.23 55.46
54.51 66.28 72.05
65.02 61.76 84.76
37.11 76.87 68.25
46.85 39.57 25.99
34.96 58.77 89.27
61.79 46.53 82.93
