2116 9772.217062687008
1453 866.2996680248941
5753 9245.3512854791
3842 3282.8956465907163
8082 3162.7092753482802
6906 9649.357009572259
3287 9413.72657144943
1845 6939.082252978832
6379 4425.9547938202695
8399 3017.32156888765
8587 8115.452440372378
4340 6304.7504139446355
4379 928.1446390839892
1793 7769.926898667501
53 3627.0116073348445
6848 669.8444760210793
7231 5724.378603626086
9641 9347.388151540263
7334 7430.799484181852
1084 4959.872882713536
5925 6787.530966592758
1137 7782.4390556909175
5135 7656.181630663483
6647 7961.880483587003
5535 579.9935429306873
7974 6648.060276122467
8666 1903.7463581548377
8615 5675.6600409019
7544 1449.5963874090444
8455 5313.325710005536
8130 6458.678793765366
194 5193.19185719947
1362 1503.2520277200117
6964 4687.272987337429
598 6589.0647000102545
9511 1961.1256361389117
3029 6996.890601789962
3870 4150.23135426834
6730 7167.715916453364
1145 2988.131901922584
1481 7474.70912778923
4697 2512.511072974774
620 2372.5660221361773
1651 8832.366960386127
2352 4509.352638884579
2415 9763.62459201808
4364 1481.8751440336082
7780 401.8924783208965
8213 6387.227698150771
9557 3994.2463419369265
