55.56 97.88
12.31 22.01
17.18 34.24
96.80 3.48
37.34 65.52
9.84 66.41
25.93 92.66
14.75 13.98
34.54 61.52
7.69 16.98
88.04 90.45
58.83 37.53
62.69 26.96
67.22 18.57
59.46 17.33
75.78 66.89
90.83 35.97
41.26 34.64
90.65 38.07
86.84 98.49
25.63 1.30
2.50 3.61
28.04 21.49
62.49 31.74
50.03 95.81
83.65 11.91
18.74 53.32
82.61 93.88
92.26 29.67
70.73 56.24
56.57 7.67
33.50 99.23
12.30 89.53
28.58 3.18
52.72 9.08
51.24 89.04
81.65 13.44
62.81 82.53
96.67 80.81
41.23 97.11
87.54 83.65
57.45 79.27
44.67 94.37
1.00 32.30
43.83 8.16
41.38 40.49
17.71 45.95
98.99 39.36
49.90 45.59
21.02 33.66